1.228250429361275459e-01 7.808764804131261561e-02 1.571020178317007465e-01 1.523931543811175571e-01 1.909761984052130712e-01 1.408210901525696612e-01 1.407610059565458094e-01 1.434635812203665928e-01 1.172457189275497580e-01 1.263314976688258151e-01 1.118407887125098671e-01 1.056897729677482994e-01 1.056677460021891585e-01 1.310510346013297189e-01 9.126035661856923831e-02
7.808764804131261561e-02 7.285966852689759743e-02 8.886000728745750699e-02 9.343931063942483017e-02 9.550201172619961210e-02 7.938915842010182966e-02 7.932563564472415452e-02 7.569339626022973666e-02 6.322872451712591158e-02 6.457280913119756161e-02 6.032218665506423882e-02 5.782017966539624437e-02 5.688114723473369772e-02 7.001766750185556276e-02 5.178992483354671189e-02
1.571020178317007465e-01 8.886000728745750699e-02 2.367165038228933316e-01 2.107193962028195422e-01 3.078201138601565634e-01 2.163162077802255334e-01 2.162550145781569899e-01 2.233766559569491106e-01 1.832973037534211258e-01 1.999997346808464749e-01 1.726741011026020067e-01 1.642072199352372364e-01 1.636227824770201122e-01 1.956312620719540263e-01 1.359462218201265560e-01
1.523931543811175571e-01 9.343931063942483017e-02 2.107193962028195422e-01 1.999822374097013078e-01 2.631852175502429336e-01 1.913581305197008808e-01 1.912849487651052671e-01 1.953824265960305007e-01 1.611505013517913198e-01 1.761741861341891702e-01 1.536669305554633214e-01 1.474081727345522563e-01 1.474196089117260078e-01 1.792736536845928041e-01 1.265552865411822825e-01
1.909761984052130712e-01 9.550201172619961210e-02 3.078201138601565634e-01 2.631852175502429336e-01 4.324152545799797576e-01 2.818240118457245869e-01 2.817363210197021406e-01 2.968173227348437360e-01 2.394257528723716111e-01 2.669030570028128602e-01 2.229070494938730496e-01 2.060988324840930253e-01 2.034599302138429266e-01 2.437407089049360709e-01 1.645842913356759529e-01
1.408210901525696612e-01 7.938915842010182966e-02 2.163162077802255334e-01 1.913581305197008808e-01 2.818240118457245869e-01 2.047757288621718796e-01 2.047242783736840932e-01 2.105715838923633287e-01 1.725893161147924459e-01 1.895655404092068119e-01 1.652750046968811670e-01 1.593491656575195259e-01 1.625321648095898741e-01 1.981255256738452264e-01 1.355635173991947273e-01
1.407610059565458094e-01 7.932563564472415452e-02 2.162550145781569899e-01 1.912849487651052671e-01 2.817363210197021406e-01 2.047242783736840932e-01 2.046752387931342898e-01 2.105096464344119178e-01 1.725306945983768603e-01 1.895049554267025649e-01 1.652033216295608620e-01 1.592987624214980136e-01 1.625599878711203594e-01 1.982223988771406042e-01 1.355610808796375855e-01
1.434635812203665928e-01 7.569339626022973666e-02 2.233766559569491106e-01 1.953824265960305007e-01 2.968173227348437360e-01 2.105715838923633287e-01 2.105096464344119178e-01 2.220976494325815065e-01 1.813886765296202352e-01 2.014519277777936934e-01 1.745735236884548292e-01 1.681375593350556141e-01 1.711520287544550101e-01 2.076121711769929323e-01 1.440510208794258951e-01
1.172457189275497580e-01 6.322872451712591158e-02 1.832973037534211258e-01 1.611505013517913198e-01 2.394257528723716111e-01 1.725893161147924459e-01 1.725306945983768603e-01 1.813886765296202352e-01 1.532101329858072680e-01 1.691584394888599463e-01 1.476092332157119269e-01 1.438612852925195418e-01 1.480634544892182325e-01 1.780229794088642736e-01 1.246788608366078410e-01
1.263314976688258151e-01 6.457280913119756161e-02 1.999997346808464749e-01 1.761741861341891702e-01 2.669030570028128602e-01 1.895655404092068119e-01 1.895049554267025649e-01 2.014519277777936934e-01 1.691584394888599463e-01 1.958334602711355732e-01 1.730437091898976154e-01 1.664301882357516749e-01 1.708182380322378902e-01 2.103234538819965804e-01 1.457091611116156094e-01
1.118407887125098671e-01 6.032218665506423882e-02 1.726741011026020067e-01 1.536669305554633214e-01 2.229070494938730496e-01 1.652750046968811670e-01 1.652033216295608620e-01 1.745735236884548292e-01 1.476092332157119269e-01 1.730437091898976154e-01 1.645338854602714507e-01 1.598490668034406037e-01 1.624860982398692866e-01 1.982224091061002003e-01 1.463819842740123889e-01
1.056897729677482994e-01 5.782017966539624437e-02 1.642072199352372364e-01 1.474081727345522563e-01 2.060988324840930253e-01 1.593491656575195259e-01 1.592987624214980136e-01 1.681375593350556141e-01 1.438612852925195418e-01 1.664301882357516749e-01 1.598490668034406037e-01 1.650986683939766608e-01 1.719344546827860365e-01 2.047047836930530607e-01 1.581055846419988642e-01
1.056677460021891585e-01 5.688114723473369772e-02 1.636227824770201122e-01 1.474196089117260078e-01 2.034599302138429266e-01 1.625321648095898741e-01 1.625599878711203594e-01 1.711520287544550101e-01 1.480634544892182325e-01 1.708182380322378902e-01 1.624860982398692866e-01 1.719344546827860365e-01 1.886384444332327159e-01 2.315906512910540782e-01 1.715575490628891697e-01
1.310510346013297189e-01 7.001766750185556276e-02 1.956312620719540263e-01 1.792736536845928041e-01 2.437407089049360709e-01 1.981255256738452264e-01 1.982223988771406042e-01 2.076121711769929323e-01 1.780229794088642736e-01 2.103234538819965804e-01 1.982224091061002003e-01 2.047047836930530607e-01 2.315906512910540782e-01 3.154944016726973222e-01 2.112533623802648197e-01
9.126035661856923831e-02 5.178992483354671189e-02 1.359462218201265560e-01 1.265552865411822825e-01 1.645842913356759529e-01 1.355635173991947273e-01 1.355610808796375855e-01 1.440510208794258951e-01 1.246788608366078410e-01 1.457091611116156094e-01 1.463819842740123889e-01 1.581055846419988642e-01 1.715575490628891697e-01 2.112533623802648197e-01 1.796801617220181169e-01
