1.310703868948122908e-01 9.971547977381446659e-02 1.448697863533091046e-01 1.278642111832039296e-01 1.896337209096945198e-01 1.340203007150752024e-01 1.340452594059622082e-01 1.386675298747465923e-01 1.226475616852123612e-01 1.398556779336421196e-01 1.310297616057292669e-01 1.251855384468886223e-01 1.386354711661476613e-01 1.856381119669966440e-01 1.433199651602604097e-01
9.971547977381446659e-02 9.229503544473414978e-02 1.029829540043293995e-01 9.384840879504872946e-02 1.331174769012999082e-01 9.512208290784587850e-02 9.514297463901999485e-02 9.854080004298076956e-02 8.688076030751260004e-02 9.877404853251031680e-02 9.393977704515736604e-02 8.938483746861705659e-02 1.013637089486037063e-01 1.395177480041153995e-01 1.022351613592001329e-01
1.448697863533091046e-01 1.029829540043293995e-01 1.745808138709211144e-01 1.480769049379598856e-01 2.327317100597021404e-01 1.620584753177141402e-01 1.620874254861698893e-01 1.679687821864940811e-01 1.488384730647607235e-01 1.710845991554588164e-01 1.583812595277777346e-01 1.525314480385344118e-01 1.684661867564615778e-01 2.238779667723998779e-01 1.711110331183562094e-01
1.278642111832039296e-01 9.384840879504872946e-02 1.480769049379598856e-01 1.303548379322389539e-01 1.941748170952742603e-01 1.357872129838968711e-01 1.358136210021276269e-01 1.402905082120574909e-01 1.245496038484009693e-01 1.424499661696801978e-01 1.320637691451040652e-01 1.273925101145669814e-01 1.431068248976659907e-01 1.912527931332874687e-01 1.450917607977255386e-01
1.896337209096945198e-01 1.331174769012999082e-01 2.327317100597021404e-01 1.941748170952742603e-01 3.241519056138108534e-01 2.210775730478274637e-01 2.211162014651154861e-01 2.309951804581514556e-01 2.071258816603472330e-01 2.415132834375744997e-01 2.219878006529883152e-01 2.146740320847160266e-01 2.376516227070665788e-01 3.170719767116016441e-01 2.415536171700962964e-01
1.340203007150752024e-01 9.512208290784587850e-02 1.620584753177141402e-01 1.357872129838968711e-01 2.210775730478274637e-01 1.579182023843563321e-01 1.579562716327818916e-01 1.644611103383281370e-01 1.485607501533578456e-01 1.733954210990151235e-01 1.609406343406119821e-01 1.563024126044274265e-01 1.707117703667557496e-01 2.213193236556682542e-01 1.768447390165095445e-01
1.340452594059622082e-01 9.514297463901999485e-02 1.620874254861698893e-01 1.358136210021276269e-01 2.211162014651154861e-01 1.579562716327818916e-01 1.579958944865218207e-01 1.644970730375891199e-01 1.485912520619982191e-01 1.734438758168989347e-01 1.609902912693765564e-01 1.563457960626765120e-01 1.707225999836138874e-01 2.212757005775473074e-01 1.768493647420819326e-01
1.386675298747465923e-01 9.854080004298076956e-02 1.679687821864940811e-01 1.402905082120574909e-01 2.309951804581514556e-01 1.644611103383281370e-01 1.644970730375891199e-01 1.741116950053590851e-01 1.578261314242479507e-01 1.852644776990306497e-01 1.727801756804020206e-01 1.685667337110099140e-01 1.826202107385574980e-01 2.363597664984101454e-01 1.897877003400019469e-01
1.226475616852123612e-01 8.688076030751260004e-02 1.488384730647607235e-01 1.245496038484009693e-01 2.071258816603472330e-01 1.485607501533578456e-01 1.485912520619982191e-01 1.578261314242479507e-01 1.472936915230849131e-01 1.740707799185898241e-01 1.628081291388632224e-01 1.603362971013059524e-01 1.738541364655984689e-01 2.235062480283718234e-01 1.826805312529575231e-01
1.398556779336421196e-01 9.877404853251031680e-02 1.710845991554588164e-01 1.424499661696801978e-01 2.415132834375744997e-01 1.733954210990151235e-01 1.734438758168989347e-01 1.852644776990306497e-01 1.740707799185898241e-01 2.107969455955426841e-01 1.971249676404144002e-01 1.948456396358156095e-01 2.100594866780049474e-01 2.669094576819444065e-01 2.203884659515615019e-01
1.310297616057292669e-01 9.393977704515736604e-02 1.583812595277777346e-01 1.320637691451040652e-01 2.219878006529883152e-01 1.609406343406119821e-01 1.609902912693765564e-01 1.727801756804020206e-01 1.628081291388632224e-01 1.971249676404144002e-01 1.890219448279231718e-01 1.879038857266452645e-01 2.016292529822327206e-01 2.556782415992192581e-01 2.130145919582324410e-01
1.251855384468886223e-01 8.938483746861705659e-02 1.525314480385344118e-01 1.273925101145669814e-01 2.146740320847160266e-01 1.563024126044274265e-01 1.563457960626765120e-01 1.685667337110099140e-01 1.603362971013059524e-01 1.948456396358156095e-01 1.879038857266452645e-01 1.916774373520062080e-01 2.084053052091339453e-01 2.644956515960888987e-01 2.213263848561357883e-01
1.386354711661476613e-01 1.013637089486037063e-01 1.684661867564615778e-01 1.431068248976659907e-01 2.376516227070665788e-01 1.707117703667557496e-01 1.707225999836138874e-01 1.826202107385574980e-01 1.738541364655984689e-01 2.100594866780049474e-01 2.016292529822327206e-01 2.084053052091339453e-01 2.435073833243425190e-01 3.219032551732018965e-01 2.510243118665231310e-01
1.856381119669966440e-01 1.395177480041153995e-01 2.238779667723998779e-01 1.912527931332874687e-01 3.170719767116016441e-01 2.213193236556682542e-01 2.212757005775473074e-01 2.363597664984101454e-01 2.235062480283718234e-01 2.669094576819444065e-01 2.556782415992192581e-01 2.644956515960888987e-01 3.219032551732018965e-01 4.583472085304822197e-01 3.301321314602865264e-01
1.433199651602604097e-01 1.022351613592001329e-01 1.711110331183562094e-01 1.450917607977255386e-01 2.415536171700962964e-01 1.768447390165095445e-01 1.768493647420819326e-01 1.897877003400019469e-01 1.826805312529575231e-01 2.203884659515615019e-01 2.130145919582324410e-01 2.213263848561357883e-01 2.510243118665231310e-01 3.301321314602865264e-01 2.785299630923515068e-01
